00,0,0.240607,1
ff,255,0.240607,2
df,223,0.195949,3
20,32,0.195949,4
02,2,0.193293,5
fd,253,0.193293,6
08,8,0.182425,7
f7,247,0.182425,8
10,16,0.180680,9
ef,239,0.180680,10
bf,191,0.180306,11
40,64,0.180306,12
01,1,0.171578,13
fe,254,0.171578,14
7f,127,0.169573,15
80,128,0.169573,16
04,4,0.168906,17
fb,251,0.168906,18
dd,221,0.148041,19
22,34,0.148041,20
12,18,0.137090,21
ed,237,0.137090,22
d7,215,0.136905,23
28,40,0.136905,24
0a,10,0.136256,25
f5,245,0.136256,26
60,96,0.135559,27
9f,159,0.135559,28
bd,189,0.135456,29
42,66,0.135456,30
30,48,0.134343,31
cf,207,0.134343,32
21,33,0.124839,33
de,222,0.124839,34
db,219,0.124746,35
24,36,0.124746,36
fc,252,0.124622,37
03,3,0.124622,38
06,6,0.124398,39
f9,249,0.124398,40
50,80,0.122849,41
af,175,0.122849,42
18,24,0.122568,43
e7,231,0.122568,44
82,130,0.122519,45
7d,125,0.122519,46
a0,160,0.121970,47
5f,95,0.121970,48
b7,183,0.120941,49
48,72,0.120941,50
f6,246,0.112956,51
09,9,0.112956,52
0c,12,0.111416,53
f3,243,0.111416,54
44,68,0.110802,55
bb,187,0.110802,56
41,65,0.110640,57
be,190,0.110640,58
14,20,0.110588,59
eb,235,0.110588,60
11,17,0.110519,61
ee,238,0.110519,62
90,144,0.109846,63
6f,111,0.109846,64
77,119,0.109591,65
88,136,0.109591,66
c0,192,0.108560,67
3f,63,0.108560,68
fa,250,0.100077,69
05,5,0.100077,70
84,132,0.098318,71
7b,123,0.098318,72
7e,126,0.097873,73
81,129,0.097873,74
2a,42,0.090289,75
d5,213,0.090289,76
32,50,0.090128,77
cd,205,0.090128,78
62,98,0.089923,79
9d,157,0.089923,80
52,82,0.079599,81
ad,173,0.079599,82
26,38,0.079387,83
d9,217,0.079387,84
e5,229,0.078970,85
1a,26,0.078970,86
dc,220,0.078002,87
23,35,0.078002,88
b5,181,0.077018,89
4a,74,0.077018,90
70,112,0.076304,91
8f,143,0.076304,92
c7,199,0.075987,93
38,56,0.075987,94
97,151,0.075656,95
68,104,0.075656,96
a2,162,0.075398,97
5d,93,0.075398,98
e9,233,0.067953,99
16,22,0.067953,100
f1,241,0.067273,101
0e,14,0.067273,102
46,70,0.067259,103
b9,185,0.067259,104
0b,11,0.066791,105
f4,244,0.066791,106
ec,236,0.066568,107
13,19,0.066568,108
d3,211,0.066004,109
2c,44,0.066004,110
bc,188,0.065807,111
43,67,0.065807,112
9b,155,0.065747,113
64,100,0.065747,114
d6,214,0.065412,115
29,41,0.065412,116
6d,109,0.065242,117
92,146,0.065242,118
34,52,0.065065,119
cb,203,0.065065,120
9e,158,0.064168,121
61,97,0.064168,122
75,117,0.063906,123
8a,138,0.063906,124
3d,61,0.063658,125
c2,194,0.063658,126
31,49,0.063572,127
ce,206,0.063572,128
a7,167,0.063507,129
58,88,0.063507,130
a8,168,0.062104,131
57,87,0.062104,132
4f,79,0.061857,133
b0,176,0.061857,134
e0,224,0.061627,135
1f,31,0.061627,136
07,7,0.055454,137
f8,248,0.055454,138
da,218,0.053864,139
25,37,0.053864,140
54,84,0.053486,141
ab,171,0.053486,142
86,134,0.053483,143
79,121,0.053483,144
e3,227,0.053074,145
1c,28,0.053074,146
4c,76,0.052363,147
b3,179,0.052363,148
e6,230,0.052277,149
19,25,0.052277,150
ae,174,0.051927,151
51,81,0.051927,152
7c,124,0.051898,153
83,131,0.051898,154
a4,164,0.051550,155
5b,91,0.051550,156
b6,182,0.051502,157
49,73,0.051502,158
2f,47,0.050427,159
d0,208,0.050427,160
98,152,0.050213,161
67,103,0.050213,162
5e,94,0.049860,163
a1,161,0.049860,164
3c,60,0.049011,165
c3,195,0.049011,166
c8,200,0.048822,167
37,55,0.048822,168
e2,226,0.048383,169
1d,29,0.048383,170
15,21,0.046389,171
ea,234,0.046389,172
3e,62,0.045865,173
c1,193,0.045865,174
d1,209,0.044614,175
2e,46,0.044614,176
0d,13,0.041695,177
f2,242,0.041695,178
45,69,0.041075,179
ba,186,0.041075,180
94,148,0.039653,181
6b,107,0.039653,182
73,115,0.039216,183
8c,140,0.039216,184
c4,196,0.039056,185
3b,59,0.039056,186
76,118,0.038067,187
89,137,0.038067,188
6e,110,0.037982,189
91,145,0.037982,190
c5,197,0.035489,191
3a,58,0.035489,192
ac,172,0.034970,193
53,83,0.034970,194
35,53,0.034497,195
ca,202,0.034497,196
47,71,0.033582,197
b8,184,0.033582,198
a3,163,0.033301,199
5c,92,0.033301,200
63,99,0.032955,201
9c,156,0.032955,202
39,57,0.032952,203
c6,198,0.032952,204
8d,141,0.032153,205
72,114,0.032153,206
aa,170,0.031564,207
55,85,0.031564,208
6a,106,0.031097,209
95,149,0.031097,210
2b,43,0.030313,211
d4,212,0.030313,212
1e,30,0.030148,213
e1,225,0.030148,214
17,23,0.029637,215
e8,232,0.029637,216
a6,166,0.029569,217
59,89,0.029569,218
6c,108,0.029228,219
93,147,0.029228,220
36,54,0.029069,221
c9,201,0.029069,222
2d,45,0.029050,223
d2,210,0.029050,224
7a,122,0.028211,225
85,133,0.028211,226
87,135,0.028060,227
78,120,0.028060,228
4b,75,0.026944,229
b4,180,0.026944,230
e4,228,0.026395,231
1b,27,0.026395,232
96,150,0.026339,233
69,105,0.026339,234
b2,178,0.024201,235
4d,77,0.024201,236
27,39,0.023687,237
d8,216,0.023687,238
56,86,0.023208,239
a9,169,0.023208,240
99,153,0.021949,241
66,102,0.021949,242
8b,139,0.021622,243
74,116,0.021622,244
0f,15,0.020914,245
f0,240,0.020914,246
5a,90,0.019967,247
a5,165,0.019967,248
cc,204,0.019627,249
33,51,0.019627,250
b1,177,0.017421,251
4e,78,0.017421,252
71,113,0.015924,253
8e,142,0.015924,254
9a,154,0.015188,255
65,101,0.015188,256
