ff,255,0.245950,1
00,0,0.245950,2
fd,253,0.197027,3
02,2,0.197027,4
04,4,0.194639,5
fb,251,0.194639,6
bf,191,0.194186,7
40,64,0.194186,8
fe,254,0.190572,9
01,1,0.190572,10
7f,127,0.182441,11
80,128,0.182441,12
ef,239,0.180356,13
10,16,0.180356,14
df,223,0.175536,15
20,32,0.175536,16
08,8,0.162895,17
f7,247,0.162895,18
f9,249,0.146903,19
06,6,0.146903,20
42,66,0.144249,21
bd,189,0.144249,22
44,68,0.143088,23
bb,187,0.143088,24
fa,250,0.141335,25
05,5,0.141335,26
fc,252,0.138969,27
03,3,0.138969,28
41,65,0.138227,29
be,190,0.138227,30
7b,123,0.134979,31
84,132,0.134979,32
7d,125,0.133167,33
82,130,0.133167,34
14,20,0.130681,35
eb,235,0.130681,36
12,18,0.130366,37
ed,237,0.130366,38
3f,63,0.128879,39
c0,192,0.128879,40
af,175,0.128558,41
50,80,0.128558,42
24,36,0.127434,43
db,219,0.127434,44
7e,126,0.126761,45
81,129,0.126761,46
22,34,0.126735,47
dd,221,0.126735,48
11,17,0.125233,49
ee,238,0.125233,50
60,96,0.123573,51
9f,159,0.123573,52
de,222,0.120867,53
21,33,0.120867,54
90,144,0.115471,55
6f,111,0.115471,56
0c,12,0.112511,57
f3,243,0.112511,58
f5,245,0.112006,59
0a,10,0.112006,60
b7,183,0.110372,61
48,72,0.110372,62
cf,207,0.110148,63
30,48,0.110148,64
a0,160,0.109776,65
5f,95,0.109776,66
09,9,0.107105,67
f6,246,0.107105,68
88,136,0.097574,69
77,119,0.097574,70
18,24,0.095272,71
e7,231,0.095272,72
46,70,0.094508,73
b9,185,0.094508,74
f8,248,0.091242,75
07,7,0.091242,76
28,40,0.090663,77
d7,215,0.090663,78
45,69,0.089231,79
ba,186,0.089231,80
bc,188,0.086697,81
43,67,0.086697,82
86,134,0.085536,83
79,121,0.085536,84
e9,233,0.081680,85
16,22,0.081680,86
3b,59,0.081251,87
c4,196,0.081251,88
7a,122,0.079848,89
85,133,0.079848,90
54,84,0.079044,91
ab,171,0.079044,92
3d,61,0.078989,93
c2,194,0.078989,94
26,38,0.078711,95
d9,217,0.078711,96
ad,173,0.077693,97
52,82,0.077693,98
ea,234,0.076896,99
15,21,0.076896,100
7c,124,0.075604,101
83,131,0.075604,102
64,100,0.075251,103
9b,155,0.075251,104
13,19,0.073625,105
ec,236,0.073625,106
62,98,0.073614,107
9d,157,0.073614,108
da,218,0.073418,109
25,37,0.073418,110
c1,193,0.073238,111
3e,62,0.073238,112
51,81,0.072624,113
ae,174,0.072624,114
dc,220,0.069940,115
23,35,0.069940,116
94,148,0.068431,117
6b,107,0.068431,118
61,97,0.068132,119
9e,158,0.068132,120
6d,109,0.065426,121
92,146,0.065426,122
a4,164,0.064027,123
5b,91,0.064027,124
f1,241,0.062935,125
0e,14,0.062935,126
2f,47,0.062577,127
d0,208,0.062577,128
cb,203,0.062455,129
34,52,0.062455,130
a2,162,0.060855,131
5d,93,0.060855,132
4c,76,0.060506,133
b3,179,0.060506,134
91,145,0.060190,135
6e,110,0.060190,136
32,50,0.060001,137
cd,205,0.060001,138
b5,181,0.058800,139
4a,74,0.058800,140
d1,209,0.058655,141
2e,46,0.058655,142
f2,242,0.058243,143
0d,13,0.058243,144
70,112,0.057656,145
8f,143,0.057656,146
1f,31,0.057466,147
e0,224,0.057466,148
5e,94,0.055350,149
a1,161,0.055350,150
f4,244,0.055057,151
0b,11,0.055057,152
ce,206,0.054960,153
31,49,0.054960,154
2a,42,0.054080,155
d5,213,0.054080,156
49,73,0.053841,157
b6,182,0.053841,158
d3,211,0.052881,159
2c,44,0.052881,160
8c,140,0.049665,161
73,115,0.049665,162
1c,28,0.046901,163
e3,227,0.046901,164
8a,138,0.046638,165
75,117,0.046638,166
1a,26,0.044449,167
e5,229,0.044449,168
4f,79,0.044381,169
b0,176,0.044381,170
c8,200,0.044014,171
37,55,0.044014,172
58,88,0.042679,173
a7,167,0.042679,174
2d,45,0.042083,175
d2,210,0.042083,176
89,137,0.041530,177
76,118,0.041530,178
19,25,0.039796,179
e6,230,0.039796,180
47,71,0.039341,181
b8,184,0.039341,182
d4,212,0.039136,183
2b,43,0.039136,184
6a,106,0.038886,185
95,149,0.038886,186
97,151,0.038158,187
68,104,0.038158,188
93,147,0.037845,189
6c,108,0.037845,190
c5,197,0.036190,191
3a,58,0.036190,192
c3,195,0.035932,193
3c,60,0.035932,194
d6,214,0.035492,195
29,41,0.035492,196
4d,77,0.035374,197
b2,178,0.035374,198
59,89,0.035120,199
a6,166,0.035120,200
53,83,0.034320,201
ac,172,0.034320,202
38,56,0.033865,203
c7,199,0.033865,204
a3,163,0.033865,205
5c,92,0.033865,206
1d,29,0.032093,207
e2,226,0.032093,208
39,57,0.031311,209
c6,198,0.031311,210
66,102,0.031056,211
99,153,0.031056,212
67,103,0.030076,213
98,152,0.030076,214
55,85,0.029499,215
aa,170,0.029499,216
f0,240,0.029415,217
0f,15,0.029415,218
a9,169,0.029336,219
56,86,0.029336,220
4e,78,0.028828,221
b1,177,0.028828,222
78,120,0.028719,223
87,135,0.028719,224
d8,216,0.026971,225
27,39,0.026971,226
17,23,0.026538,227
e8,232,0.026538,228
57,87,0.025528,229
a8,168,0.025528,230
8d,141,0.025375,231
72,114,0.025375,232
69,105,0.025239,233
96,150,0.025239,234
c9,201,0.024880,235
36,54,0.024880,236
9c,156,0.024189,237
63,99,0.024189,238
e1,225,0.023384,239
1e,30,0.023384,240
65,101,0.022937,241
9a,154,0.022937,242
8b,139,0.022396,243
74,116,0.022396,244
35,53,0.021108,245
ca,202,0.021108,246
33,51,0.020777,247
cc,204,0.020777,248
8e,142,0.020693,249
71,113,0.020693,250
b4,180,0.020108,251
4b,75,0.020108,252
5a,90,0.019215,253
a5,165,0.019215,254
1b,27,0.018382,255
e4,228,0.018382,256
